51
109
52
105
58
53
110
59
114
522
563
371
51
104
105
105
52
66
57
104
53
52
110
109
105
160
100
50
49
51
109
49
49
52
52
50
53
56
103
51
53
51
110
51
51
56
51
51
56
107
103
53
53
51
52
52
52
52
53
53
51
50
57
105
156
111
50
51
53
50
53
55
58
50
51
51
153
54
58
52
52
52
106
55
58
51
206
54
58
51
51
102
51
50
49
50
52
51
103
51
105
50
50
52
52
52
49
56
51
50
103
54
108
50
50
52
50
55
50
51
58
155
50
52
53
57
101
52
103
51
56
54
52
52
51
53
53
52
51
153
52
209
102
52
51
53
55
52
52
102
51
111
50
53
51
52
53
52
51
58
51
51
52
53
51
109
159
51
157
54
52
52
51
50
49
51
105
51
105
50
266
53
52
51
58
51
52
108
55
55
117
105
167
57
112
108
55
52
169
53
54
54
55
56
116
112
163
52
54
56
53
54
55
53
54
62
106
56
110
54
62
53
54
56
56
56
54
61
53
51
55
55
54
108
114
53
105
52
54
114
60
160
55
61
54
54
52
55
105
108
53
53
55
53
56
114
55
108
55
53
53
62
54
55
57
109
54
61
107
54
54
52
53
50
112
51
52
52
52
53
160
54
51
53
53
57
51
54
49
53
51
204
50
54
50
106
57
105
50
105
109
66
50
52
52
53
52
212
52
52
104
58
49
52
52
153
55
49
51
51
56
67
53
57
50
55
51
50
50
52
52
52
101
105
52
51
56
51
56
50
157
57
49
104
51
52
52
56
51
51
102
49
51
51
56
54
52
52
53
51
51
55
51
52
52
50
52
112
52
51
51
103
52
50
103
52
52
53
52
50
59
50
51
154
52
56
52
51
52
52
54
50
57
51
52
51
50
53
52
107
100
50
53
52
50
56
53
110
55
52
110
49
52
51
52
52
53
53
51
52
51
54
105
51
109
53
104
51
50
55
50
51
50
103
161
53
50
104
51
52
56
51
104
51
51
52
57
55
49
53
53
53
50
106
56
52
106
155
51
53
53
104
51
107
53
51
104
51
57
51
53
53
52
104
58
52
51
53
52
53
49
54
54
54
105
49
51
110
51
52
50
53
49
49
170
50
109
53
49
52
51
159
52
51
106
156
105
51
55
53
50
52
51
51
51
57
209
53
104
59
105
53
54
52
111
53
103
52
106
58
52
106
51
53
52
53
52
55
52
53
55
55
53
57
56
106
104
54
59
52
51
51
51
380
53
52
112
52
51
107
53
118
54
50
55
52
106
60
51
56
112
53
53
159
52
56
107
51
61
50
52
108
53
53
59
54
52
106
52
165
158
52
51
111
53
107
51
54
109
53
53
52
106
55
61
53
159
53
156
54
53
51
158
60
53
107
54
106
112
214
165
52
108
55
108
59
211
106
59
108
51
108
115
51
55
55
54
54
112
104
52
108
51
52
56
105
52
53
52
52
58
54
52
55
54
52
51
58
104
53
51
52
53
54
57
51
54
54
52
52
52
61
50
51
51
52
108
61
107
54
53
53
54
105
51
154
104
57
51
52
53
51
51
51
106
52
52
52
55
52
158
52
53
52
51
50
57
100
48
51
102
55
51
52
52
49
104
55
49
53
51
103
53
101
56
57
53
52
101
55
52
52
52
51
51
53
59
52
51
51
53
106
109
51
53
52
51
53
162
51
104
53
53
57
52
104
105
52
107
49
53
52
104
53
52
52
52
53
52
50
51
58
49
51
50
50
52
52
58
103
52
103
109
159
50
52
53
50
57
51
52
53
103
52
55
55
51
51
50
54
50
57
50
50
52
53
150
53
51
54
53
51
51
64
57
51
55
54
54
54
53
113
54
55
53
103
60
105
52
108
54
55
60
53
53
55
53
53
53
61
50
54
53
56
53
115
53
109
107
108
53
52
53
327
54
55
54
170
53
106
56
54
116
52
52
53
52
54
171
103
109
53
55
61
52
53
55
54
53
53
60
106
162
107
52
53
55
107
53
52
63
52
50
51
107
54
57
54
51
51
106
53
59
51
106
106
53
50
111
106
107
109
104
53
51
103
215
54
53
53
106
52
53
52
108
53
56
107
106
54
52
112
52
51
52
53
54
59
103
156
54
166
102
55
55
53
114
54
54
52
51
165
53
53
50
51
53
105
52
53
53
52
52
51
59
107
53
116
114
50
106
107
53
110
53
53
53
53
52
113
52
53
53
54
54
168
269
64
54
53
55
53
51
52
106
106
51
50
51
53
56
52
104
107
51
60
54
106
55
54
166
52
54
53
51
53
52
114
53
101
52
53
55
105
51
53
52
52
57
53
51
51
53
53
104
49
52
100
50
50
52
54
51
51
53
51
53
52
56
50
51
51
50
51
52
57
103
53
53
155
54
105
52
51
49
159
52
53
52
55
53
56
52
106
49
53
100
53
102
52
49
52
110
52
53
52
51
106
60
54
54
105
51
50
60
53
54
53
212
166
54
54
106
60
52
161
51
51
112
56
105
52
52
52
53
105
55
52
54
113
53
53
53
51
52
164
53
142
51
114
104
53
107
54
53
165
52
52
53
51
114
54
54
53
55
111
53
108
105
52
52
108
103
107
217
107
53
51
113
53
55
54
53
53
60
52
51
51
53
56
107
59
52
105
53
105
112
109
52
56
51
110
51
54
105
53
53
53
55
53
109
52
216
53
160
58
53
64
67
52
49
113
51
104
53
51
53
54
59
105
106
52
54
58
52
213
53
60
52
54
51
105
52
53
161
159
54
60
52
160
52
52
59
53
162
53
52
59
52
52
52
55
52
53
50
58
54
52
52
54
51
112
107
51
53
51
51
60
53
54
51
52
53
53
52
51
55
103
52
54
53
57
52
157
167
53
53
54
51
62
215
52
52
106
54
58
53
52
106
107
59
51
53
51
55
53
53
60
51
105
53
53
53
52
53
53
108
104
52
59
52
104
53
49
53
56
50
54
53
51
104
58
51
314
58
52
53
108
53
51
110
54
51
52
51
215
51
51
50
50
98
52
51
52
51
53
50
55
52
104
104
51
58
50
52
50
52
51
52
114
106
52
50
50
52
56
51
51
50
49
50
52
106
51
52
52
101
58
51
53
51
53
50
54
50
53
51
106
50
52
50
112
52
50
51
51
52
58
156
52
52
52
55
205
101
112
103
101
54
52
62
165
51
106
61
52
54
53
108
54
106
53
52
52
54
106
61
107
52
51
56
53
62
53
52
53
53
54
55
182
70
53
53
54
54
113
52
55
108
53
61
54
55
53
106
53
114
216
55
51
106
56
54
55
52
53
114
55
55
54
54
53
61
53
107
102
158
51
50
160
53
107
103
52
52
110
101
53
51
51
53
57
51
52
53
53
51
49
50
50
52
52
53
212
53
52
52
52
52
52
59
53
54
51
51
162
51
51
50
51
216
159
101
109
52
51
51
52
54
107
51
53
51
52
52
50
51
50
151
50
52
53
57
155
105
50
212
51
51
162
50
159
52
51
59
52
51
50
52
53
51
59
50
50
102
102
56
51
52
103
51
52
53
205
154
158
52
104
108
107
51
52
52
52
58
51
52
52
155
53
57
52
50
52
105
51
107
104
209
52
51
51
52
52
50
50
49
205
51
108
154
104
53
111
50
49
51
106
107
51
158
52
53
116
54
54
107
53
170
107
54
54
167
105
108
105
161
54
169
54
52
52
54
51
55
60
52
105
53
53
52
58
53
52
53
52
52
53
52
60
51
53
50
71
53
113
53
105
54
52
54
163
52
52
53
53
104
52
52
54
108
51
59
52
52
272
106
55
52
53
109
51
54
53
52
54
52
109
53
106
54
54
54
63
54
52
54
106
52
168
109
54
53
54
53
56
105
54
57
52
114
213
52
59
108
106
52
51
60
109
51
53
53
55
53
115
160
51
62
61
55
108
56
54
54
63
52
57
53
55
53
54
53
55
108
53
55
52
114
162
56
107
118
55
55
108
114
55
53
54
112
53
54
58
53
54
55
109
53
63
55
53
111
55
55
59
53
155
53
51
54
51
53
104
259
103
51
52
109
50
52
51
54
54
50
58
52
51
105
51
51
52
58
51
51
50
51
122
163
52
51
50
51
50
109
50
52
53
158
51
50
50
53
51
52
109
102
51
52
52
53
61
51
104
103
110
52
53
52
53
51
54
52
59
53
103
52
54
52
57
50
263
60
50
51
52
105
54
106
52
53
53
54
52
53
60
54
53
104
111
112
54
52
108
53
62
51
107
53
55
59
52
58
52
51
100
101
55
53
53
104
52
52
110
50
205
50
50
105
53
51
53
51
57
52
49
52
51
50
51
58
50
52
50
103
50
58
53
51
52
51
51
53
51
108
103
155
58
104
52
52
52
51
57
51
104
52
100
105
50
53
103
50
50
55
51
55
52
52
51
51
55
54
105
102
112
48
51
52
50
52
52
107
209
51
112
102
53
52
52
53
107
50
53
52
52
104
53
52
103
49
50
109
103
106
51
108
52
53
52
51
49
51
56
53
105
51
102
110
51
50
107
50
53
57
49
52
49
53
52
50
109
105
53
105
54
52
54
52
107
54
110
53
54
58
105
53
110
104
106
53
58
50
54
105
52
105
58
53
160
53
114
51
65
53
53
54
52
109
54
55
53
52
53
104
52
54
212
60
54
52
161
161
105
51
53
51
57
53
51
52
56
104
53
60
51
53
52
54
53
54
61
55
108
53
53
52
56
51
52
53
53
54
54
54
105
52
53
113
49
112
160
53
53
60
53
54
51
108
165
51
53
103
51
53
60
54
52
53
53
53
52
59
52
104
55
59
54
61
51
52
52
101
53
50
367
59
50
52
53
52
50
156
50
53
53
52
51
56
49
52
51
103
51
53
57
50
54
52
105
51
161
52
50
54
51
111
156
54
101
51
158
51
51
111
52
53
51
106
50
56
51
50
51
52
53
51
164
62
54
51
54
51
58
51
54
53
103
109
103
54
109
54
63
53
109
54
106
53
57
53
53
106
107
63
53
106
55
51
117
53
108
107
54
61
107
53
55
53
54
54
117
53
53
53
52
54
170
52
52
53
52
59
52
52
54
52
52
55
52
54
53
53
51
104
52
59
51
55
53
108
52
58
52
52
53
53
52
51
57
52
53
52
54
54
54
54
60
53
105
54
51
113
52
105
53
109
109
58
50
53
51
105
55
52
55
53
53
53
51
60
108
107
52
54
59
53
51
54
53
108
62
106
52
53
110
52
60
103
106
108
59
53
52
158
52
57
51
54
53
105
52
55
52
53
103
53
52
54
58
52
53
53
105
55
59
53
50
51
54
160
103
105
52
52
156
51
51
54
52
106
51
51
52
50
54
50
55
103
155
127
49
52
258
160
51
104
52
109
52
53
51
52
50
60
54
52
52
104
50
262
51
105
57
50
52
51
51
52
52
55
52
104
52
101
51
266
52
52
60
105
55
105
113
104
55
51
54
52
163
160
51
217
105
53
52
56
107
54
53
53
54
58
52
53
52
53
52
53
53
158
51
52
53
53
60
103
52
51
51
54
112
51
51
52
54
52
112
54
55
52
52
53
52
60
53
54
52
54
52
52
60
51
55
53
51
107
59
50
53
54
52
52
54
105
52
54
106
106
158
51
104
52
61
54
54
55
54
53
53
112
108
53
53
166
53
53
54
54
105
61
52
53
53
54
54
54
60
55
53
54
54
56
105
55
53
57
54
53
55
56
62
106
53
53
53
54
117
107
55
54
111
53
52
52
106
54
52
112
53
52
107
217
51
52
53
52
165
55
53
52
52
51
106
53
106
54
112
53
52
55
53
53
53
111
53
54
106
52
61
53
52
52
52
53
54
52
218
54
109
58
52
105
50
52
50
59
55
52
53
53
53
105
53
108
52
51
51
54
59
156
49
51
54
109
53
54
103
51
56
50
48
107
52
49
54
57
53
103
154
55
156
157
57
52
51
52
52
51
52
51
51
51
105
52
52
54
59
49
53
52
52
53
50
57
50
50
50
214
52
105
52
211
53
51
52
51
163
51
54
52
157
59
49
52
102
52
52
103
51
51
52
52
53
54
112
50
49
106
52
58
156
51
53
51
58
52
53
51
53
104
266
106
52
60
53
162
53
51
59
54
51
51
53
53
208
105
52
53
112
51
52
54
53
106
56
52
50
108
55
53
113
52
52
53
158
62
53
57
53
53
53
113
52
52
54
53
105
111
52
55
54
55
52
52
50
53
52
50
106
53
58
53
52
54
52
166
54
103
102
213
50
106
51
51
56
263
50
57
52
53
156
51
57
53
52
52
105
52
103
50
52
52
52
51
51
59
51
53
52
54
53
51
58
53
53
108
107
113
106
53
53
52
53
59
51
52
54
104
52
110
55
52
53
54
51
110
50
51
107
107
53
56
52
53
52
55
53
114
55
53
53
53
121
51
53
53
108
53
164
104
53
107
59
104
54
51
104
169
107
52
52
60
50
52
53
50
51
106
51
51
108
53
53
51
58
53
53
51
54
53
52
61
106
53
52
53
51
59
107
53
51
53
160
53
53
104
52
53
59
54
50
211
61
51
105
50
52
52
54
158
208
109
51
52
105
109
52
53
52
52
107
60
51
106
52
51
54
52
59
53
109
50
52
53
111
52
52
53
53
53
56
53
105
55
53
52
157
104
52
54
114
103
213
59
105
53
52
52
114
51
51
51
106
109
60
52
54
107
54
55
59
53
116
52
54
54
116
53
105
53
105
106
52
55
53
108
61
52
106
53
55
54
113
54
54
102
52
57
50
106
53
53
54
53
62
52
157
52
117
103
53
157
113
50
51
51
53
51
55
53
52
53
53
156
60
54
53
53
55
106
60
53
52
54
54
52
53
60
211
158
108
52
52
53
215
51
54
51
53
50
58
105
55
51
106
51
53
52
53
53
54
54
51
59
106
160
52
60
53
105
53
123
60
50
53
52
53
52
52
55
111
108
54
52
54
59
53
112
50
53
51
269
106
53
51
53
54
54
53
107
115
53
54
55
52
54
114
53
54
106
52
112
55
215
55
62
53
55
51
53
53
57
62
52
53
54
109
53
61
52
53
55
54
55
54
52
54
56
52
55
55
54
111
53
54
108
53
53
61
53
53
54
109
54
60
53
54
53
55
53
55
53
59
52
55
53
54
55
114
54
54
108
56
166
52
56
52
54
108
54
55
55
108
170
53
53
51
105
53
58
104
159
53
112
107
53
51
51
53
166
51
103
53
59
53
54
53
53
52
52
60
53
53
103
52
54
55
108
52
104
55
51
59
55
53
55
53
170
53
52
54
52
59
84
58
52
55
51
54
52
51
115
54
50
53
53
107
60
50
51
51
53
53
56
58
54
55
54
54
54
53
52
55
53
107
109
56
116
53
108
54
56
61
108
54
107
53
61
51
52
107
52
109
61
53
54
52
54
107
61
107
162
54
60
107
53
53
52
53
53
53
105
54
54
55
54
64
57
53
52
54
54
54
62
53
53
52
54
108
59
55
53
56
52
107
165
55
109
106
115
51
54
55
55
115
109
106
53
106
56
54
55
52
54
54
52
61
54
110
53
54
54
60
53
53
274
53
54
54
52
54
53
54
59
54
54
52
55
53
51
115
107
54
53
117
111
105
56
53
158
