58
55
54
54
61
56
56
54
54
53
121
59
108
58
431
52
52
62
50
105
54
55
54
60
52
112
55
56
52
58
52
53
54
52
54
55
63
82
57
58
120
53
62
111
52
58
109
52
123
63
51
51
53
52
57
52
52
51
106
65
81
62
54
108
55
54
53
110
53
56
104
53
58
53
55
52
52
52
164
103
53
54
52
51
55
51
104
52
104
110
53
53
50
52
187
54
52
50
54
50
50
104
51
105
52
112
106
106
51
125
54
54
56
55
53
110
51
107
58
57
53
52
116
54
52
54
53
52
61
52
57
112
52
54
59
53
55
56
56
55
53
55
54
108
53
52
53
55
62
69
74
89
70
110
180
54
54
54
54
63
56
108
53
54
53
54
63
107
53
54
55
54
60
55
56
53
53
54
55
61
53
162
54
55
52
106
108
53
54
121
54
53
57
53
60
55
76
53
54
54
53
55
142
56
106
87
113
107
57
51
51
52
52
55
56
62
54
53
52
55
54
52
114
56
53
54
51
54
53
53
52
162
103
61
53
56
53
120
76
60
53
54
52
51
54
50
57
52
52
54
108
53
54
61
109
55
56
55
54
59
55
108
55
56
58
72
63
114
112
82
56
53
122
72
57
55
58
66
225
53
54
116
54
56
54
109
64
110
57
55
67
118
53
114
108
54
55
54
63
51
54
51
54
54
53
62
53
52
105
55
54
53
58
55
52
55
54
109
61
55
54
58
53
106
92
62
52
107
55
51
60
52
53
54
216
62
53
55
58
55
119
62
53
53
55
53
55
53
60
53
54
102
51
109
54
52
55
52
53
55
54
62
54
54
53
105
54
61
53
52
53
52
53
60
77
53
54
55
52
54
54
57
61
162
55
57
57
64
57
54
58
57
52
119
56
54
54
54
53
105
161
54
54
53
53
61
54
54
111
54
54
60
53
57
55
108
56
62
54
56
53
53
109
55
115
55
52
109
114
55
108
54
53
54
60
54
59
57
58
57
53
52
55
54
55
54
54
53
54
114
52
51
53
55
169
87
58
53
51
173
53
54
53
107
53
54
62
53
56
53
55
54
55
63
57
53
52
55
52
54
62
54
55
54
54
54
161
53
52
54
55
54
83
67
61
55
51
54
49
52
56
153
51
51
50
54
103
52
102
50
160
53
101
51
55
57
54
53
102
52
50
58
51
52
104
51
103
51
51
50
53
52
51
52
59
204
52
51
59
52
51
53
52
54
51
56
53
153
51
51
53
58
54
52
57
51
51
111
51
51
51
52
52
50
56
104
52
51
55
60
53
52
56
57
49
52
53
54
60
51
52
56
53
55
52
59
54
52
112
54
54
58
51
51
54
51
52
106
58
52
104
54
53
52
57
53
104
55
106
61
53
103
52
52
53
107
104
158
51
59
54
54
54
52
53
51
58
52
54
53
54
54
166
54
53
106
52
55
165
104
52
53
66
56
63
55
51
56
53
68
53
58
50
57
106
110
53
55
108
52
52
61
51
50
52
52
49
106
51
50
52
53
52
52
59
103
52
52
50
51
51
108
51
52
51
103
57
51
50
50
52
99
60
100
51
102
55
163
156
102
109
52
51
53
51
53
106
52
155
51
108
51
51
52
53
55
51
55
55
53
54
54
64
53
115
51
55
52
51
56
55
102
51
50
52
51
50
49
52
50
109
52
111
52
52
105
51
50
58
51
51
52
50
53
108
154
51
51
158
50
51
52
105
55
55
52
53
52
52
52
49
56
103
101
50
51
104
153
52
52
51
58
51
52
51
52
105
61
51
53
52
156
56
51
52
52
51
52
52
51
164
51
155
60
51
52
52
52
50
51
61
51
51
156
103
50
52
51
50
55
107
60
53
53
107
106
60
54
56
54
53
51
53
63
53
51
52
107
107
60
53
55
52
54
53
56
61
53
53
54
53
54
114
53
55
55
109
52
53
52
107
53
104
167
52
161
56
63
51
117
117
55
61
53
53
55
53
54
54
52
59
51
106
105
52
111
52
103
53
53
57
52
53
55
54
80
53
56
54
56
52
54
105
50
60
53
51
54
51
53
53
59
52
53
54
108
52
60
52
53
53
54
52
53
111
51
52
51
51
50
51
58
103
52
52
108
60
159
54
53
54
51
105
54
55
56
53
110
54
58
107
51
52
113
52
53
103
52
56
52
52
106
56
52
53
58
53
159
52
53
62
53
53
52
53
54
50
61
53
52
51
53
61
60
58
52
53
52
55
52
53
112
52
53
429
53
54
52
59
362
54
53
54
54
54
60
53
52
53
53
110
58
54
52
106
52
51
173
55
56
106
51
52
54
51
53
159
60
55
53
53
53
54
53
59
52
106
54
105
63
51
53
102
52
54
53
58
108
54
51
51
161
53
52
53
54
115
104
55
53
53
53
51
53
108
168
52
53
61
104
55
51
54
50
59
52
52
53
52
107
57
51
52
104
55
55
53
58
54
107
51
55
121
57
52
105
52
57
62
102
108
51
104
53
53
52
52
52
52
53
59
104
52
52
51
167
55
54
160
113
160
53
53
53
168
53
51
105
62
54
55
53
53
53
112
56
54
54
58
54
107
51
55
54
106
59
120
51
54
53
52
51
52
63
53
52
54
52
53
53
119
52
52
59
54
53
114
54
54
55
52
56
56
61
55
162
108
59
55
54
53
55
54
51
53
52
56
53
54
55
107
62
160
53
170
51
53
54
55
105
60
54
54
54
54
55
53
112
55
54
56
55
109
116
52
53
53
54
112
108
55
53
53
53
55
52
51
53
57
55
51
116
114
53
53
80
53
55
65
57
50
108
53
54
59
58
106
52
54
53
57
59
51
58
107
53
53
70
54
55
107
104
57
54
107
55
52
103
52
52
53
58
117
52
57
154
54
54
53
61
110
51
104
215
50
54
106
104
53
56
49
208
51
58
53
51
49
53
51
52
56
50
52
54
54
54
52
55
111
60
52
54
100
60
51
107
51
49
51
51
58
51
104
50
50
50
57
52
52
51
53
53
52
51
61
52
51
110
53
53
60
51
52
51
54
54
53
60
53
54
52
106
104
53
103
51
52
53
53
59
54
54
53
54
52
53
58
52
53
53
51
162
52
52
53
54
52
106
60
53
52
51
56
54
53
61
55
58
52
231
55
104
108
50
53
52
54
53
107
108
59
54
53
53
51
54
72
58
52
53
54
52
107
58
54
52
52
53
51
52
53
58
52
271
58
52
53
55
53
52
52
59
108
52
108
51
55
54
53
51
51
52
51
53
60
52
53
52
53
54
105
51
52
52
50
52
53
60
54
105
51
52
52
51
56
55
57
52
52
65
109
52
104
49
106
110
50
103
51
52
50
52
51
53
53
51
51
53
64
52
55
50
51
50
52
58
103
53
50
54
54
55
52
51
54
52
51
51
50
57
51
51
51
56
54
54
115
55
108
56
54
60
52
53
53
55
54
54
53
53
52
108
53
54
56
115
55
52
55
58
53
61
54
53
51
55
107
117
55
56
162
117
52
55
55
54
53
119
157
55
57
54
62
53
54
56
53
54
55
55
53
54
53
54
53
162
55
166
56
225
106
57
53
62
52
53
58
53
52
107
66
56
100
50
54
52
57
51
102
52
54
54
108
51
52
51
51
53
55
51
107
50
52
53
52
59
56
50
51
53
103
65
53
51
107
50
51
55
50
52
51
52
50
51
51
60
53
53
53
58
51
51
161
53
51
52
109
53
53
50
103
52
51
53
51
53
51
50
157
105
108
107
64
103
50
52
103
109
53
52
53
53
50
52
57
52
106
50
53
54
109
51
55
53
53
51
59
53
49
52
104
52
54
52
53
53
51
51
109
63
50
49
157
54
60
51
52
50
51
50
53
56
51
52
50
100
102
59
53
51
49
51
52
52
57
51
52
51
52
105
56
53
52
53
51
52
50
51
52
51
52
51
57
54
106
52
52
50
105
51
107
50
52
54
53
52
57
51
52
53
52
53
52
52
57
53
54
99
53
51
57
100
105
52
52
109
52
51
107
55
53
52
152
54
53
51
57
50
52
105
50
108
54
52
103
102
55
53
102
54
53
51
53
57
52
50
52
49
51
51
109
49
52
52
53
52
59
53
50
51
54
53
53
50
99
49
52
49
106
59
50
105
54
51
52
58
50
52
157
51
56
103
51
53
60
53
56
56
50
159
54
165
106
56
106
119
51
52
109
158
51
52
109
50
109
53
51
105
52
53
111
50
51
51
50
52
59
50
104
51
103
53
59
104
52
54
52
54
59
105
52
52
53
54
57
53
52
55
52
105
54
105
52
51
49
49
51
56
51
51
52
50
52
54
57
51
52
52
50
53
51
57
54
103
49
52
51
65
130
52
55
52
52
59
53
60
50
50
157
104
53
53
51
51
52
156
102
104
51
54
110
50
103
262
51
52
50
161
51
52
53
53
50
114
263
53
60
52
51
158
53
62
52
53
50
51
51
52
53
50
53
53
54
55
53
51
164
53
106
109
106
56
53
53
112
54
52
53
53
51
60
52
69
58
64
50
55
53
53
56
106
107
52
52
65
53
51
51
53
103
53
53
158
53
52
54
59
50
54
53
50
53
113
106
53
52
52
51
112
53
53
108
51
54
166
107
102
61
52
52
52
54
106
61
53
55
55
113
108
110
57
54
54
54
114
53
54
54
51
50
54
58
53
56
65
51
107
57
51
50
50
54
51
52
50
134
55
103
52
54
59
50
51
52
51
54
53
56
52
52
51
53
54
51
50
53
52
53
51
52
51
53
58
53
52
107
51
51
57
51
52
54
52
53
49
162
53
51
50
50
159
54
54
53
53
52
58
53
53
53
55
51
52
59
53
54
158
53
53
53
52
118
104
51
142
214
51
58
50
54
52
52
53
53
60
53
54
51
53
51
54
51
59
53
106
51
61
51
62
51
52
52
55
53
54
58
56
53
54
52
107
50
52
107
51
54
105
60
106
53
54
52
53
60
105
108
53
52
113
54
53
103
52
53
57
51
107
52
107
60
54
53
53
52
53
52
118
55
54
52
52
56
54
51
51
51
53
51
55
53
60
106
53
158
61
52
53
53
52
51
111
52
53
51
52
105
52
59
53
106
55
51
55
62
105
52
108
55
59
52
56
51
54
54
51
51
54
52
51
264
107
106
105
57
104
103
50
52
56
52
53
52
52
52
51
49
58
101
50
51
52
51
59
53
50
52
52
53
51
57
50
158
52
104
51
53
54
51
53
51
53
58
56
52
50
50
101
59
100
52
105
109
105
53
50
52
53
50
55
54
52
54
50
55
54
58
51
64
53
60
99
107
49
102
53
50
52
53
103
52
53
56
55
57
53
53
104
53
115
53
52
53
53
54
55
58
53
55
106
51
52
53
118
51
56
55
53
56
59
51
105
52
55
52
60
51
52
107
54
53
109
104
53
55
55
54
63
52
54
51
53
52
51
58
160
53
170
102
105
104
53
61
51
161
52
50
60
52
51
54
53
53
54
57
67
58
54
54
53
53
106
108
52
105
112
53
53
52
53
53
53
108
52
55
52
52
56
66
55
105
54
53
52
53
110
102
54
102
55
53
52
52
108
52
59
49
51
52
51
52
53
50
51
49
49
52
51
52
50
108
50
52
49
52
51
58
50
109
50
52
53
57
50
52
50
53
52
51
108
51
50
53
52
103
55
52
52
50
50
52
52
109
53
92
51
108
57
53
173
107
52
164
53
51
53
53
57
57
51
54
52
52
163
52
52
53
53
101
56
51
102
56
52
51
60
51
49
52
52
52
49
56
50
104
52
51
50
53
53
52
207
52
58
100
50
53
52
51
158
152
52
56
52
50
51
153
52
59
52
53
52
106
52
59
52
52
54
51
52
52
59
51
58
51
109
52
104
52
162
61
53
170
52
52
54
50
58
52
54
52
162
59
51
53
103
104
53
59
54
54
52
52
108
62
54
51
109
56
56
58
53
52
53
57
54
109
52
53
53
52
108
54
61
54
54
54
53
52
54
60
54
55
56
54
54
57
58
52
54
54
52
53
54
52
58
50
52
51
54
52
53
59
52
53
54
51
53
54
57
55
51
54
53
54
59
51
52
50
54
102
50
53
79
51
51
54
51
54
52
57
50
101
52
52
51
54
52
105
54
105
51
60
55
53
53
52
54
51
60
53
109
53
54
52
112
54
105
54
102
52
54
54
53
54
107
59
51
52
54
54
54
55
112
52
53
106
54
60
51
53
53
52
108
53
115
50
53
106
54
60
55
53
51
56
53
51
59
53
52
53
52
104
53
51
52
106
52
54
53
61
53
53
105
164
51
52
52
105
52
62
53
52
51
52
53
54
53
57
51
52
54
52
55
52
60
55
52
110
52
53
163
78
52
104
53
53
53
55
52
104
56
59
53
51
54
51
53
54
60
51
53
54
107
54
60
53
52
53
108
57
111
56
50
51
53
52
164
179
185
188
202
53
101
58
50
52
50
104
53
53
51
52
52
51
51
51
52
57
51
55
56
53
54
49
56
50
53
53
51
50
51
56
50
51
50
104
53
107
53
103
53
52
52
59
51
52
156
50
57
51
104
50
50
52
104
52
156
53
53
59
52
54
51
55
159
50
50
52
51
48
109
52
52
52
50
104
50
60
103
53
50
52
51
56
52
51
103
105
212
52
53
50
51
101
50
54
53
51
110
52
51
53
105
52
58
49
51
53
61
53
51
59
50
49
53
51
55
51
54
56
51
52
52
151
56
52
53
54
103
52
59
104
55
52
53
104
53
105
55
112
50
213
51
106
56
53
51
51
52
106
56
53
52
51
52
51
52
52
55
50
56
53
51
54
213
53
55
55
56
59
53
54
54
54
52
52
53
104
52
51
55
53
53
58
52
52
53
50
106
60
53
50
52
53
54
52
57
116
53
52
53
53
50
60
104
53
53
51
114
52
51
106
53
115
52
53
53
106
55
51
52
53
56
53
54
52
53
60
50
53
51
52
54
112
53
52
53
54
52
111
53
55
107
50
52
54
63
53
54
51
56
53
53
59
51
52
213
59
53
115
54
54
104
103
52
54
51
55
52
61
55
103
106
167
52
53
52
54
53
58
51
53
53
52
50
51
69
59
55
52
55
56
54
118
51
52
53
55
107
61
51
55
53
53
105
103
52
52
54
53
54
51
59
107
53
53
109
60
163
55
116
116
54
52
55
52
54
52
62
55
55
51
54
52
52
63
54
53
52
53
51
54
61
54
55
54
55
54
109
52
55
53
51
109
55
58
54
53
54
54
54
53
60
108
52
54
53
55
63
53
58
111
56
55
52
60
113
49
107
52
54
50
49
54
52
107
58
52
53
52
104
52
52
53
55
52
52
103
52
57
103
51
52
49
53
59
51
50
52
51
107
56
50
50
52
57
50
102
56
155
54
52
51
57
53
158
51
163
51
50
51
52
52
53
54
54
53
53
52
51
52
110
208
110
53
52
55
52
49
156
52
52
51
54
53
54
59
55
53
109
86
50
57
51
52
52
51
52
53
61
56
106
53
53
163
54
53
53
55
55
114
56
53
52
109
111
53
53
51
52
51
50
56
51
155
51
53
105
51
102
51
52
51
56
104
50
51
101
56
50
52
52
51
50
55
50
52
50
50
53
51
50
53
58
54
52
56
55
50
52
56
49
52
52
212
52
52
53
51
53
157
51
51
50
53
53
53
57
53
52
64
53
57
49
58
152
51
53
52
52
51
51
50
53
52
51
51
57
51
52
52
52
54
52
60
54
50
57
52
52
49
110
53
54
54
56
52
55
62
108
53
51
52
54
114
53
52
54
54
112
107
54
53
56
54
116
55
107
52
55
53
171
51
54
54
54
116
53
54
54
108
59
54
110
53
54
54
55
60
53
51
53
54
51
53
62
51
52
58
53
62
51
60
55
52
54
52
53
54
53
54
54
50
53
55
105
114
57
55
53
51
52
60
54
53
107
53
115
53
56
54
54
55
54
54
60
53
51
52
53
50
52
56
50
52
106
54
54
58
50
101
51
50
50
52
155
49
52
52
53
55
50
104
54
50
110
51
50
104
50
51
61
51
50
103
53
55
53
57
52
155
53
51
213
55
195
50
103
51
52
52
102
105
101
104
56
54
51
53
51
53
51
58
52
48
51
54
53
52
108
52
51
104
53
54
58
53
56
52
51
56
58
113
107
52
51
53
58
53
52
103
55
50
51
106
53
105
164
53
55
53
