79
79
87
78
159
79
81
149
183
379
70
69
76
165
86
88
78
79
78
79
82
85
78
80
77
76
78
84
79
78
77
80
78
74
155
76
83
166
79
153
75
76
77
155
76
86
75
77
153
79
234
81
80
485
73
80
98
79
78
180
159
80
80
80
167
80
78
78
263
158
79
159
160
169
85
80
80
89
78
83
246
239
244
77
156
73
486
99
101
112
111
691
205
96
486
104
290
96
98
104
101
103
102
101
204
101
103
105
86
75
74
79
82
79
165
78
76
146
81
82
165
77
79
77
78
320
76
76
76
164
84
77
79
406
159
78
80
158
78
236
77
157
80
77
158
232
160
79
155
76
162
77
76
156
89
144
81
78
79
79
159
79
88
80
79
82
79
75
77
397
78
238
79
78
81
157
76
87
78
78
154
78
166
81
239
78
79
87
78
78
80
82
82
164
86
397
80
85
77
81
80
156
78
79
393
78
79
77
81
79
80
159
175
82
83
80
80
80
84
89
80
166
82
163
90
166
163
81
323
166
81
82
83
88
239
82
87
172
80
78
79
159
80
266
76
80
81
79
80
88
78
160
74
77
77
161
159
633
79
80
399
79
159
165
81
159
80
80
88
159
160
82
78
79
80
159
81
160
79
86
80
80
77
156
162
78
317
75
85
154
78
159
244
79
80
81
80
82
81
85
79
77
80
78
80
80
85
78
78
81
159
78
398
77
81
80
86
161
414
84
81
79
231
85
231
78
79
80
83
169
240
79
78
411
85
80
86
79
240
161
394
77
78
80
86
81
79
316
88
78
83
159
80
167
76
79
78
79
74
72
247
80
230
80
176
86
170
155
170
80
162
79
81
164
95
79
87
81
80
163
78
77
79
83
239
154
316
85
76
78
78
77
80
158
161
78
78
328
233
151
79
156
74
153
79
76
77
78
79
84
75
76
79
79
85
156
78
79
81
78
84
157
77
78
78
92
80
166
160
167
76
76
69
72
145
155
91
82
83
77
79
157
86
84
75
68
69
68
79
67
67
226
79
79
85
77
155
314
92
79
79
73
79
79
78
88
81
76
79
322
113
86
79
80
81
199
99
310
199
96
97
81
101
103
100
101
103
104
99
203
76
75
231
79
98
284
82
107
101
206
204
100
104
102
103
156
80
81
82
165
78
77
78
80
164
155
80
82
78
78
250
79
239
76
80
80
79
78
82
158
230
80
77
80
334
79
78
81
158
80
165
81
159
79
84
244
86
82
79
87
81
161
83
77
81
85
77
236
82
78
82
83
79
158
158
80
165
79
250
166
79
77
159
77
76
169
76
75
76
78
76
80
236
75
76
331
76
80
79
76
78
83
77
77
80
77
161
79
76
160
80
83
80
78
331
76
78
169
81
79
77
79
82
82
86
164
81
78
78
158
168
78
77
169
374
77
80
80
323
77
158
240
77
236
409
80
80
79
165
78
78
78
78
78
86
157
77
242
78
81
155
76
78
158
80
228
77
462
152
76
99
76
81
153
75
77
162
77
81
155
78
78
82
76
76
77
77
155
81
236
75
78
78
165
77
80
165
81
251
238
83
84
90
85
86
80
79
78
81
83
79
79
77
78
104
78
78
84
158
106
78
133
311
161
403
70
79
74
242
163
83
80
76
84
222
76
247
161
79
178
81
400
79
78
165
77
160
75
250
209
219
81
74
148
77
156
168
158
76
76
79
78
164
78
79
151
77
88
238
80
157
81
164
158
78
79
177
78
80
79
77
79
78
180
79
78
175
80
97
78
78
238
79
272
158
80
76
76
101
79
79
93
79
79
351
80
79
80
257
172
167
158
167
315
94
289
78
78
272
80
78
79
156
94
94
99
77
161
160
91
115
94
175
92
78
93
117
78
158
77
94
79
82
83
238
347
253
82
78
79
98
239
74
261
80
78
78
78
80
80
75
112
155
79
79
77
78
180
78
159
79
80
84
152
78
240
75
153
78
76
72
68
313
78
161
79
87
162
314
82
72
79
158
81
252
83
84
82
79
80
79
88
82
81
78
80
80
81
90
80
325
79
78
79
80
82
80
76
149
90
86
84
161
157
158
78
82
236
86
473
79
166
80
238
179
155
81
82
332
77
79
79
78
163
79
316
244
79
79
80
82
80
164
326
157
85
159
153
79
76
75
74
83
84
162
80
76
90
77
77
78
158
246
77
86
155
79
79
156
415
293
332
79
160
78
153
165
78
78
76
76
77
78
249
160
68
70
76
71
214
79
73
75
76
141
375
157
79
235
163
157
75
77
160
80
80
77
232
83
77
77
73
76
73
75
243
84
77
153
160
80
75
76
74
236
75
155
73
73
69
71
142
73
74
74
146
80
74
74
75
74
157
83
73
152
74
76
236
76
158
82
75
159
77
80
73
229
160
154
78
78
76
165
79
152
77
224
142
77
69
69
75
145
278
75
82
153
74
74
74
164
76
74
76
149
89
74
83
77
304
77
157
73
154
149
86
79
79
157
74
168
317
80
261
83
83
81
390
85
167
81
80
85
78
86
85
233
76
73
75
78
75
79
79
74
76
240
80
81
159
77
84
77
77
75
79
91
84
383
76
75
77
82
78
395
85
87
74
74
79
78
77
84
81
237
80
158
171
77
78
81
77
77
162
76
78
78
74
81
90
154
80
76
315
77
79
79
78
79
79
244
160
78
82
86
240
77
77
164
158
89
80
82
83
82
84
79
161
238
168
78
78
78
245
80
74
80
160
75
72
147
321
77
90
84
166
79
243
79
80
78
80
77
78
85
77
157
155
79
170
74
77
319
159
80
156
240
85
154
77
84
76
81
79
79
82
76
77
75
77
86
74
80
89
77
78
77
79
161
80
79
76
80
85
78
75
78
239
159
77
157
77
245
73
77
78
77
75
76
84
81
77
78
76
157
308
406
160
81
79
76
78
82
76
76
314
238
77
151
82
84
86
158
157
81
169
161
79
78
158
155
76
157
81
82
77
155
80
157
79
78
83
160
73
156
79
85
78
160
158
78
84
81
78
79
80
78
76
241
75
247
165
230
237
568
80
79
78
79
77
159
79
162
78
79
86
81
168
158
157
165
165
81
79
162
78
165
77
242
81
80
91
238
80
158
84
78
81
78
75
76
160
80
247
241
163
78
77
72
75
78
84
83
158
78
158
85
76
79
156
80
158
88
78
79
80
156
82
88
91
82
73
77
78
80
86
77
77
162
79
242
75
76
153
225
81
77
79
156
79
87
78
78
79
157
78
170
237
235
90
163
82
78
157
86
78
233
81
248
82
80
319
156
77
77
77
79
171
82
80
83
81
80
79
240
78
82
84
77
84
79
237
92
78
81
86
159
81
77
82
80
163
81
79
77
156
438
75
305
78
81
155
77
77
82
157
148
73
317
91
139
69
75
75
78
76
304
167
82
79
76
96
82
78
76
77
235
170
79
75
159
78
77
161
80
153
159
78
167
77
81
159
163
80
77
243
78
85
155
77
159
83
81
163
84
80
146
71
81
75
79
75
158
77
85
170
235
78
84
77
87
159
79
161
86
402
80
328
79
79
82
87
166
79
82
79
81
79
89
157
78
158
78
159
148
162
73
79
75
69
68
69
77
79
76
76
159
76
245
88
163
79
160
82
89
78
75
80
76
323
79
159
77
78
240
151
77
79
170
85
78
78
74
82
169
81
86
164
79
84
173
82
81
398
83
159
78
390
79
80
161
165
327
87
80
501
250
78
78
166
167
160
161
80
164
169
79
236
78
170
90
71
71
70
75
90
66
137
69
69
75
86
324
78
81
261
101
155
266
236
78
247
80
82
164
159
77
78
77
80
80
155
81
88
238
79
164
94
73
67
82
78
78
81
89
80
84
75
151
73
79
82
152
78
77
158
89
239
236
86
79
154
78
80
81
78
80
238
84
76
486
81
79
89
161
81
158
80
84
78
162
80
79
77
86
86
77
152
77
80
76
160
81
232
77
82
76
76
141
71
161
78
78
77
80
70
152
88
157
80
160
90
77
69
72
82
81
163
84
81
78
81
150
68
147
71
75
161
401
78
234
81
76
75
76
75
76
80
82
76
71
211
72
77
158
77
78
80
162
86
255
159
83
99
72
78
80
80
158
248
555
78
159
80
169
84
162
85
75
77
86
76
75
225
88
80
85
69
64
65
149
73
83
71
69
151
75
80
83
77
79
301
75
81
73
85
152
81
163
157
78
79
78
165
471
78
76
165
74
158
77
160
154
241
86
83
80
156
78
81
86
78
69
74
69
137
71
331
80
79
86
87
80
79
166
77
168
78
79
85
160
166
163
83
75
80
80
79
94
159
80
84
162
340
328
78
158
81
80
78
159
72
71
70
150
73
147
72
70
68
140
76
74
147
73
65
202
138
75
76
240
153
85
157
80
80
80
81
76
80
78
166
155
79
77
238
158
158
157
78
101
79
77
161
78
78
85
80
303
75
80
77
75
158
77
79
172
76
68
78
78
76
81
84
79
156
79
80
75
83
79
79
83
80
81
78
80
87
78
168
80
89
81
166
239
77
80
86
79
80
86
80
80
156
241
76
161
87
83
77
77
79
73
75
82
161
