79
79
77
73
79
77
72
76
77
69
77
74
68
74
74
76
66
75
71
67
71
71
67
75
71
67
77
71
67
73
71
67
66
75
73
70
74
72
67
75
74
66
65
72
68
72
73
65
74
66
71
79
68
65
60
66
67
60
66
68
62
67
69
61
67
66
66
58
63
62
57
68
68
58
70
79
59
67
63
56
64
65
58
62
66
65
57
66
62
58
66
65
57
63
64
59
67
62
58
65
63
62
59
65
61
59
67
65
60
67
67
62
67
69
64
72
75
73
65
74
70
60
69
66
60
70
69
63
69
68
61
69
69
61
63
73
72
66
72
70
62
67
67
59
66
68
60
72
74
62
70
73
73
65
66
64
60
65
65
58
66
65
61
71
63
60
68
69
62
59
62
64
59
77
64
64
69
70
62
69
71
64
66
68
64
64
67
70
63
70
70
62
68
69
62
68
71
62
69
70
64
71
63
63
61
62
63
62
69
68
62
68
68
63
67
68
64
68
70
70
63
72
69
61
69
68
60
69
70
61
68
69
65
71
71
63
62
69
69
65
69
68
63
71
70
63
69
69
65
65
67
57
62
64
66
58
68
68
64
69
73
65
68
72
59
66
71
65
69
73
69
62
70
68
64
68
68
64
68
71
64
65
63
58
65
66
63
61
69
69
62
69
68
62
69
74
61
69
69
62
87
69
64
68
71
67
64
69
67
65
72
71
66
63
63
56
66
69
59
68
66
66
61
66
64
64
69
71
62
69
68
64
71
69
62
69
71
64
63
69
72
63
70
68
65
70
69
63
70
70
65
69
71
65
70
69
65
57
68
65
60
62
64
59
63
65
64
70
68
65
71
72
72
64
71
72
63
69
69
63
71
68
62
71
68
64
71
67
57
58
66
64
56
64
61
58
68
71
63
67
66
72
73
68
62
71
69
71
64
68
71
64
69
68
64
72
73
59
67
70
63
68
71
68
63
70
71
65
73
74
66
70
69
62
72
69
65
70
71
66
66
70
72
61
65
69
62
68
70
59
63
65
63
74
72
64
67
65
71
61
70
72
64
73
71
66
71
73
65
75
76
63
69
69
74
66
74
70
63
71
73
62
74
71
76
77
73
67
72
72
62
64
73
71
66
70
71
64
73
73
62
72
71
58
66
70
63
74
70
71
65
72
71
61
74
71
65
72
74
69
77
72
69
73
68
71
63
73
73
70
72
73
77
72
69
58
65
67
58
67
64
62
66
70
83
63
71
69
64
73
72
63
73
73
65
72
72
63
71
71
70
65
71
72
64
72
69
64
70
71
65
70
70
64
70
72
72
63
70
72
63
71
72
63
72
70
64
69
74
66
72
72
64
66
73
70
64
68
71
66
71
72
63
75
71
67
72
70
64
69
74
73
64
74
70
63
73
73
60
66
66
59
70
69
59
67
67
66
59
66
67
62
66
67
60
66
65
60
65
66
61
72
69
66
63
75
73
66
75
76
68
71
72
68
76
188
160
89
199
62
136
147
72
177
73
71
64
72
70
67
73
71
65
72
72
64
72
73
74
60
66
64
63
71
68
62
71
71
64
71
72
63
67
71
64
63
71
70
63
72
70
64
72
72
64
72
71
65
69
70
66
69
72
72
65
70
70
64
72
71
64
70
70
64
69
71
64
73
71
74
64
70
69
60
67
67
62
68
67
60
67
64
61
68
70
65
67
70
73
64
69
92
57
65
75
63
85
74
64
80
73
63
79
74
74
63
80
75
65
79
73
64
82
75
66
78
74
65
80
74
74
64
81
74
67
79
75
64
80
88
66
80
76
64
81
74
65
64
76
73
65
79
73
67
78
73
64
84
74
64
79
92
65
77
75
75
66
81
74
65
78
74
66
80
87
64
82
73
65
79
74
75
65
80
74
64
80
76
65
79
73
66
79
74
65
82
73
64
63
75
86
67
93
75
66
81
74
64
75
74
59
68
75
60
81
76
76
66
81
72
60
68
77
65
78
72
66
80
75
66
77
75
87
65
85
69
59
68
75
61
81
77
62
84
76
68
76
73
62
64
78
74
64
81
74
64
79
73
61
82
74
61
84
75
59
67
77
76
63
80
74
63
82
75
62
82
74
60
84
77
95
81
74
77
64
81
75
62
80
75
66
81
73
63
82
73
64
81
75
64
66
72
75
63
79
77
59
67
76
65
82
75
64
81
89
64
81
75
74
64
80
75
64
82
75
63
83
73
58
69
76
64
82
76
72
60
87
75
64
81
74
66
79
73
64
81
77
64
82
75
64
65
75
74
64
80
76
64
78
76
65
77
75
65
79
78
67
76
75
87
70
73
76
63
81
75
69
77
86
56
69
81
65
79
75
74
69
75
74
68
76
74
65
81
76
68
91
76
64
80
75
63
64
75
74
64
81
74
64
82
75
64
80
76
64
79
74
64
79
76
88
64
82
74
63
80
76
65
81
75
63
82
76
64
81
88
75
64
80
77
63
82
74
69
74
76
66
77
90
68
78
74
65
65
72
76
70
73
76
66
77
75
65
77
76
67
78
89
65
75
79
76
64
81
74
63
81
76
63
81
71
66
79
90
67
91
75
87
68
77
75
66
79
75
70
74
74
66
76
74
58
68
75
60
58
71
76
60
66
77
58
67
77
60
83
76
63
83
72
62
84
74
75
66
78
75
57
67
77
59
69
75
59
69
77
59
86
75
90
64
78
78
64
81
74
66
78
76
64
79
74
64
78
76
64
63
76
75
67
78
72
65
79
75
68
79
73
62
83
76
64
78
88
74
66
79
75
65
81
76
66
80
73
59
64
75
61
67
76
79
66
78
75
66
76
77
63
82
75
63
78
76
63
65
76
62
61
77
78
67
78
77
63
84
74
59
68
76
58
74
72
66
79
76
73
69
70
78
62
83
73
64
80
74
65
81
73
65
78
74
76
63
80
75
64
78
78
62
63
79
65
80
75
72
70
75
66
63
77
75
79
80
75
65
79
91
65
78
75
64
79
75
68
77
72
72
72
69
67
60
70
74
67
73
73
66
75
70
65
71
75
70
65
71
75
66
70
73
66
72
71
66
74
73
65
71
73
67
65
73
72
67
74
72
68
71
72
66
72
74
67
71
71
64
75
73
73
73
68
73
67
70
71
65
73
73
68
73
73
69
73
75
73
66
71
73
67
73
72
66
72
83
69
74
75
69
75
78
71
73
80
78
72
71
76
69
76
75
66
75
77
65
73
71
69
75
76
76
67
74
74
68
72
73
67
72
71
66
69
81
66
74
69
73
69
73
72
67
74
87
68
73
73
66
72
71
68
74
74
65
67
71
73
65
73
77
66
73
74
65
67
69
61
66
68
61
73
72
73
68
72
71
67
73
72
65
73
73
65
73
74
65
74
75
74
67
72
74
67
71
73
66
72
74
65
73
73
65
73
77
60
58
71
79
73
73
73
64
73
69
99
73
71
63
71
72
59
70
84
75
66
75
75
65
73
75
65
81
73
66
74
67
66
70
74
73
65
74
72
65
76
72
66
76
74
67
74
76
65
75
73
69
68
72
74
66
74
75
68
77
74
67
74
71
67
73
71
68
73
74
69
66
72
85
67
71
71
67
69
72
65
77
72
64
72
73
73
65
74
72
67
71
71
67
71
74
65
84
82
57
62
63
57
60
62
65
66
73
72
65
70
68
60
63
65
62
63
64
68
72
73
71
66
72
70
70
70
71
65
72
73
63
73
72
65
72
72
63
60
69
65
60
64
67
58
66
68
65
72
74
68
65
65
68
65
71
74
67
78
72
67
73
73
65
73
73
68
73
72
67
72
73
73
67
73
73
65
71
73
67
74
74
69
74
71
69
76
73
74
71
73
74
68
76
76
70
72
73
66
75
71
67
73
75
68
65
73
72
64
73
73
67
74
74
64
72
75
58
62
65
61
72
72
73
65
81
76
63
80
76
61
85
75
63
84
76
65
81
75
75
62
69
76
63
81
77
65
77
77
58
69
76
57
68
78
67
64
79
76
61
80
74
60
85
76
62
84
74
62
82
75
66
76
77
76
61
83
77
60
68
75
62
66
77
57
68
77
58
71
74
75
59
71
77
64
78
76
62
82
76
59
82
73
63
84
73
62
62
80
75
60
82
76
62
65
77
64
80
75
66
79
75
61
81
75
74
63
81
89
63
81
74
60
82
90
58
71
77
64
80
74
75
62
83
76
67
77
73
67
79
88
63
80
91
64
77
77
65
73
78
77
62
83
105
62
83
76
63
83
73
64
81
76
66
81
76
74
64
80
74
63
76
79
62
81
75
62
82
90
63
81
75
74
60
68
78
61
82
74
64
82
75
63
81
74
64
82
74
66
63
75
73
66
79
73
62
81
91
66
76
76
63
81
77
61
79
79
77
63
81
73
63
81
74
69
73
75
60
69
74
64
81
73
76
67
77
74
64
82
72
66
79
73
65
82
87
65
82
69
60
63
81
74
65
80
76
62
81
74
63
81
76
63
83
74
73
87
98
76
59
68
67
65
73
72
66
70
75
71
61
66
58
74
71
71
65
68
68
63
71
71
68
71
71
66
74
72
63
69
69
69
61
79
74
86
73
82
58
63
72
66
72
73
69
77
64
65
82
66
63
78
67
75
64
74
70
61
67
78
63
69
77
66
83
65
64
76
85
72
72
88
110
98
85
105
80
87
87
79
72
75
76
67
82
84
81
83
84
80
86
91
82
85
93
67
116
72
79
84
84
83
77
85
84
78
77
81
65
86
83
80
102
87
79
86
90
90
81
69
70
64
70
75
63
64
64
62
65
69
62
65
70
59
66
76
78
65
75
75
65
70
67
63
68
94
62
62
62
56
72
63
67
65
69
70
73
88
102
92
100
91
83
94
89
87
93
90
91
85
97
89
85
90
92
88
91
91
87
94
88
87
90
73
65
67
74
74
66
73
75
66
74
70
69
71
70
70
72
71
66
74
75
72
65
75
71
65
70
73
64
73
72
63
85
75
65
74
72
72
66
75
72
65
72
72
71
74
70
66
73
73
69
76
74
66
67
72
73
71
95
64
68
70
73
67
74
71
65
78
77
66
70
73
73
68
76
76
67
75
72
66
74
71
64
72
71
65
72
72
75
69
71
73
65
77
75
68
75
74
67
74
76
64
71
70
65
64
70
73
66
75
71
68
72
73
66
71
72
68
74
71
66
72
71
67
66
74
71
64
71
72
66
71
72
65
75
73
65
70
72
71
64
70
73
68
73
73
64
71
74
66
70
75
67
70
69
67
65
98
81
58
67
73
67
72
70
67
80
70
63
63
66
59
66
65
63
59
66
78
64
70
72
66
75
85
66
64
69
72
70
72
71
64
72
77
275
307
71
63
70
70
74
91
102
100
89
67
61
82
90
88
85
90
93
84
90
88
84
89
88
82
102
91
83
93
90
90
86
92
90
82
81
72
64
80
73
65
74
77
61
84
75
73
64
81
72
65
82
75
64
81
74
63
80
77
62
80
74
78
93
71
77
65
79
76
62
81
74
64
79
73
66
80
73
66
80
73
75
65
78
75
63
81
75
62
82
76
65
79
75
65
81
72
72
59
69
77
67
78
74
59
67
76
63
65
74
62
82
74
58
57
70
79
65
83
85
67
77
74
69
75
76
63
83
90
65
83
87
87
67
79
73
69
78
73
88
72
74
66
78
74
64
79
74
76
65
81
74
65
89
77
75
84
73
67
78
75
69
108
87
80
59
77
77
62
80
75
62
82
75
67
74
75
66
78
75
63
80
76
72
65
80
73
64
81
75
65
80
88
63
82
74
64
81
74
73
65
82
71
67
78
76
64
81
74
61
82
90
65
78
75
65
64
72
76
68
75
75
69
75
77
66
78
75
63
81
74
65
81
74
73
65
79
76
71
72
75
68
72
78
65
77
76
69
74
79
74
65
79
73
64
78
75
64
84
73
66
75
75
64
78
75
64
77
96
71
65
78
76
63
81
75
67
77
76
64
80
73
64
78
76
73
65
79
72
63
79
76
64
81
76
64
79
74
66
76
75
74
65
82
76
65
78
75
67
169
75
185
82
137
95
81
74
63
65
74
75
78
96
88
73
83
105
76
83
103
85
91
105
84
92
104
91
81
95
90
83
91
104
86
91
89
83
93
90
82
96
105
106
90
100
107
86
107
104
90
116
75
64
76
79
58
76
79
61
66
78
73
64
81
78
65
82
85
63
79
81
75
74
79
63
82
75
88
65
81
73
63
81
90
65
81
75
63
79
75
65
78
75
73
64
82
88
66
79
74
66
77
75
64
81
74
64
81
75
63
63
78
74
63
79
75
57
67
78
67
77
74
61
82
74
62
81
75
74
67
77
74
66
82
75
65
78
90
62
83
75
63
79
76
75
63
97
84
69
76
72
66
81
74
67
78
75
67
77
88
65
65
78
88
68
77
74
67
77
73
64
81
73
73
72
74
61
81
76
74
64
83
74
64
80
73
62
80
75
61
66
75
58
67
77
75
58
70
74
63
82
72
63
82
74
65
78
74
65
78
75
62
62
80
73
67
79
73
66
77
74
66
77
74
66
79
73
65
77
76
75
66
78
75
67
78
72
64
82
73
64
80
74
62
85
89
87
65
93
85
75
95
105
97
89
95
82
91
90
82
94
90
81
82
99
90
82
94
91
84
106
89
82
93
104
80
95
108
95
96
106
90
87
87
106
86
105
74
63
82
75
68
75
74
64
78
73
76
62
83
75
64
82
73
66
80
74
69
75
77
65
75
73
65
63
76
73
71
70
79
60
81
75
60
68
78
64
80
73
67
78
75
75
65
79
74
65
82
72
65
79
72
77
97
73
65
82
74
75
70
74
75
67
77
75
64
81
74
65
78
74
65
80
75
62
66
79
73
63
82
74
66
78
74
69
75
75
63
83
75
66
90
79
73
61
71
76
61
83
75
65
74
79
63
77
75
64
80
75
73
69
73
75
65
77
73
69
76
72
68
90
76
67
78
71
68
65
85
73
62
86
73
65
79
73
65
79
74
67
79
87
65
81
76
72
64
80
74
67
79
75
63
82
73
65
78
79
79
93
71
75
65
83
74
62
83
73
60
65
76
64
80
76
64
82
73
66
69
83
72
65
80
87
72
101
105
91
113
121
84
93
92
82
92
91
91
84
89
90
86
89
91
85
91
90
84
91
91
81
93
90
105
82
107
91
73
101
92
83
90
75
65
80
88
63
78
78
59
60
81
75
68
76
75
64
81
72
67
77
75
64
79
75
63
82
74
103
59
69
77
62
80
76
62
81
75
62
79
76
63
79
75
74
63
80
74
65
82
72
66
79
74
63
81
75
64
79
74
63
62
78
74
65
79
76
61
85
75
63
80
76
66
79
72
59
66
77
76
58
73
73
64
81
72
65
78
73
69
76
74
67
78
72
75
65
80
75
61
79
75
61
69
74
66
77
75
65
77
73
63
66
73
77
67
80
74
69
78
73
