204
86
169
123
71
71
378
96
151
116
89
156
123
216
102
107
99
112
167
91
86
78
82
163
151
178
238
106
103
190
91
113
111
82
116
83
118
90
114
204
204
82
88
335
107
174
108
81
82
100
90
82
81
81
237
84
85
87
155
97
79
96
84
81
136
89
87
264
103
88
161
92
83
174
80
94
108
248
82
102
80
85
257
204
167
167
96
68
70
104
102
167
312
203
77
96
90
426
94
87
119
80
88
120
86
241
123
79
78
225
83
231
97
103
104
96
90
119
89
87
100
310
88
130
110
116
105
91
199
121
70
113
93
107
104
111
293
102
108
140
86
69
85
144
100
88
117
90
79
99
327
87
101
235
87
80
142
100
101
83
82
117
120
88
215
104
327
187
307
106
111
84
80
238
83
117
89
90
166
85
81
82
82
82
133
99
281
81
203
103
86
91
81
166
91
81
89
85
102
197
91
90
85
211
85
80
94
99
310
103
88
118
89
86
130
94
106
88
89
138
84
110
102
84
82
102
180
85
85
98
203
209
81
115
93
195
82
110
236
111
179
169
85
80
82
104
206
74
239
299
76
78
69
142
93
87
78
80
75
73
81
82
161
70
70
73
84
71
87
204
102
74
72
71
77
71
75
90
76
412
76
81
83
166
101
105
100
92
112
75
85
90
93
78
74
77
145
100
90
70
75
72
74
87
74
71
203
86
110
118
223
83
89
88
241
83
202
98
119
78
127
92
110
79
210
100
219
126
82
86
81
82
81
82
172
88
114
112
178
347
89
169
260
97
103
101
86
82
100
353
92
104
82
123
80
121
194
112
102
90
114
105
260
83
82
86
98
102
87
190
233
89
175
83
67
69
108
172
95
269
99
83
81
102
81
87
159
213
78
237
87
176
82
172
195
98
105
310
167
79
79
105
101
104
195
89
116
97
80
100
99
100
95
80
80
72
75
77
112
230
90
219
102
97
305
102
101
83
122
109
88
103
82
334
103
106
198
102
78
92
109
127
105
102
80
224
285
222
84
100
188
153
75
168
104
74
79
94
111
76
74
83
75
151
172
191
167
83
96
155
106
94
103
82
219
84
223
106
101
179
242
191
81
120
88
225
262
107
228
72
83
116
87
69
89
101
88
89
244
83
104
86
79
78
84
87
84
81
83
81
81
81
88
238
82
120
90
82
448
89
85
174
83
82
87
93
89
81
80
105
78
196
93
101
102
101
82
123
102
95
78
236
97
107
80
79
84
88
80
79
119
82
123
108
95
102
101
193
83
249
90
94
80
90
80
80
86
86
258
82
292
108
90
162
90
84
168
89
76
80
78
80
332
77
82
103
79
79
91
82
85
87
403
89
93
337
82
80
95
93
189
82
80
191
89
172
95
87
83
110
119
97
84
268
85
85
200
86
79
74
87
200
82
208
86
102
78
79
76
82
88
162
85
168
79
99
122
100
82
109
151
164
100
89
172
88
82
92
187
84
84
88
86
188
182
115
91
109
167
81
78
91
80
91
155
76
144
77
82
72
80
74
83
93
100
91
285
82
80
82
83
91
84
82
91
81
259
81
78
83
168
79
83
88
83
99
188
160
87
87
191
257
91
81
81
82
84
81
251
96
119
82
88
173
107
74
79
80
80
77
79
188
83
81
85
80
84
88
168
89
242
79
87
84
84
104
120
85
84
88
87
81
80
86
79
86
85
90
96
84
99
190
95
98
180
92
90
80
89
116
85
162
255
88
79
80
78
83
80
85
180
80
80
78
79
93
89
89
80
96
82
81
82
83
84
77
82
82
84
91
85
98
95
78
78
166
190
80
83
79
80
85
83
85
176
83
93
182
82
93
78
104
91
74
77
84
93
101
85
83
80
181
86
89
90
169
77
90
78
87
79
81
80
82
80
84
88
82
84
84
91
104
91
86
81
159
83
82
83
81
92
80
80
88
84
79
186
92
80
95
99
94
86
88
179
81
104
78
78
80
98
90
82
78
78
83
82
87
90
80
88
83
87
82
93
90
93
83
177
161
75
85
81
241
90
88
81
77
89
84
78
92
99
81
89
168
96
81
88
88
167
166
83
83
92
83
95
81
95
85
104
125
95
83
81
82
81
105
98
83
83
87
94
206
104
75
161
83
162
174
94
187
106
170
90
166
171
93
82
170
105
105
81
86
83
89
100
204
92
79
81
87
91
86
88
89
93
86
80
85
96
94
97
85
92
102
81
97
94
100
99
83
95
80
183
161
83
81
81
104
98
84
114
81
95
193
91
169
75
92
250
95
88
84
79
80
100
80
86
81
88
83
77
78
251
86
110
84
85
73
154
79
76
78
157
77
92
76
112
95
110
86
172
107
80
81
78
76
86
95
80
79
79
83
80
79
84
117
79
83
81
87
165
95
77
104
181
83
196
82
102
77
79
76
82
77
92
80
80
81
93
80
101
84
78
104
168
204
174
89
82
87
167
89
80
83
95
78
243
260
87
80
82
92
103
91
104
86
86
80
81
86
86
164
83
89
192
95
97
86
73
71
76
77
160
96
81
85
170
97
81
79
84
78
169
88
109
88
87
78
93
100
166
82
84
163
83
85
93
83
78
78
80
80
114
259
84
94
87
81
86
179
98
89
182
85
84
81
256
77
75
171
78
83
85
86
85
174
84
86
81
96
85
80
88
78
243
80
87
84
80
82
116
170
180
95
81
83
84
84
92
82
78
88
81
80
85
82
81
99
96
204
95
114
94
94
104
111
90
78
106
84
106
165
78
87
85
113
84
88
89
87
86
88
358
71
69
120
191
81
84
81
80
102
78
182
80
263
87
167
86
106
102
83
99
88
186
87
165
95
106
91
97
89
83
78
78
70
172
78
94
84
81
86
97
98
94
444
79
187
95
87
83
83
83
86
176
82
87
94
99
181
174
181
78
81
101
115
88
84
94
166
96
95
83
80
84
82
81
108
157
84
84
79
89
98
81
169
80
82
77
86
84
87
112
202
114
91
102
101
106
99
100
102
104
84
118
102
110
84
83
237
97
104
102
105
99
99
93
89
230
82
90
127
103
102
90
104
116
83
88
83
86
80
84
102
86
87
189
84
96
82
81
85
232
81
118
104
102
102
100
101
429
83
100
75
326
79
126
109
100
84
113
115
100
100
104
331
77
207
201
84
122
101
78
125
105
109
196
100
79
78
75
86
89
101
81
125
83
81
134
90
83
80
80
79
80
81
89
103
80
280
103
105
107
94
92
113
81
122
103
201
187
115
105
96
84
233
85
330
123
182
82
230
83
110
103
83
80
81
85
126
157
99
205
96
212
78
69
79
179
103
101
86
120
89
199
121
107
95
99
112
92
103
195
106
209
101
103
208
82
77
82
81
81
307
80
75
81
78
93
80
99
95
90
82
80
80
87
80
165
79
172
79
83
81
80
115
101
207
188
81
109
241
94
106
99
79
122
80
327
94
112
101
102
105
108
92
102
74
82
159
79
123
78
118
82
80
80
81
90
101
95
178
99
105
103
188
73
79
91
81
78
82
80
83
262
175
89
107
84
77
87
92
109
109
83
89
81
81
81
78
85
93
79
79
86
83
80
82
86
111
104
91
245
90
182
101
418
197
101
103
205
91
111
203
82
532
102
109
92
79
105
121
85
82
149
93
100
104
206
98
92
128
92
99
305
101
105
107
203
82
80
89
534
133
171
83
81
181
77
196
82
82
81
84
102
100
101
102
204
90
98
119
182
82
91
84
173
106
82
80
239
82
118
287
338
91
101
99
100
294
122
82
121
85
80
97
81
81
81
96
110
103
88
117
99
103
101
157
78
158
85
86
207
73
77
99
268
186
81
83
90
89
108
120
79
77
149
79
87
143
80
80
102
159
84
309
98
106
83
118
203
97
105
83
124
201
84
106
113
161
92
156
199
76
109
185
79
89
78
86
80
87
78
89
88
86
86
118
81
231
116
82
80
109
109
238
98
103
99
105
194
97
116
82
226
98
106
109
95
102
100
89
216
107
96
76
117
71
198
152
264
250
194
85
215
182
82
84
84
81
93
84
83
172
85
100
96
256
124
117
307
99
90
236
104
94
108
86
115
110
197
102
93
102
211
108
80
112
169
78
82
78
113
205
93
103
260
356
205
104
82
82
111
80
238
79
80
87
79
97
82
122
103
79
125
108
199
99
101
103
88
119
79
87
243
197
106
311
199
203
82
92
237
100
202
100
104
102
100
203
255
79
95
252
242
86
80
82
81
83
79
79
166
176
88
115
94
205
105
100
105
203
99
103
93
79
81
80
81
96
112
301
195
81
90
142
77
108
85
241
86
94
103
80
88
79
79
89
115
86
79
91
82
110
99
81
80
98
110
91
172
87
78
79
85
73
67
68
74
74
94
81
102
80
307
89
98
242
88
79
238
98
82
229
171
86
103
83
90
93
161
107
87
254
82
96
84
84
92
79
82
165
80
83
87
87
210
224
75
99
81
96
89
81
83
82
94
76
83
72
76
81
94
158
81
101
79
123
101
98
119
113
184
99
81
201
138
78
84
83
80
81
201
108
86
80
243
97
90
111
112
98
100
102
99
88
90
90
104
91
81
171
105
111
90
112
202
79
282
94
89
82
80
105
105
73
124
102
103
101
101
102
79
124
319
173
80
131
115
83
314
217
101
248
99
83
182
99
101
181
239
84
110
85
332
84
85
76
156
311
97
82
131
87
82
209
170
82
82
82
81
80
79
84
170
234
