78
76
116
92
114
87
408
79
83
71
96
92
76
77
121
109
77
79
94
69
76
76
67
115
75
72
76
77
67
81
86
69
71
79
75
71
99
79
91
75
82
66
70
75
57
72
67
65
100
86
68
63
79
94
61
68
83
64
72
66
62
74
74
205
76
74
73
70
84
75
74
75
99
70
78
76
68
76
96
67
79
74
66
67
81
91
68
78
70
70
75
74
66
76
85
68
76
76
72
78
101
81
95
79
75
68
74
75
69
77
73
78
75
73
80
99
76
83
72
75
71
66
74
74
82
78
97
73
90
74
69
72
103
81
75
76
80
69
76
78
69
76
74
70
75
74
71
75
78
69
87
75
76
61
66
67
66
69
75
91
75
75
91
243
75
68
75
75
76
68
88
73
67
76
74
72
71
76
69
90
81
63
72
72
65
65
70
76
66
74
72
67
72
90
69
79
75
73
77
73
69
72
85
73
68
73
80
70
69
72
68
102
74
2110
79
92
71
78
126
90
70
73
73
114
72
70
115
73
74
71
74
91
66
79
75
69
67
76
77
66
93
73
77
74
98
69
332
81
90
129
335
72
377
75
86
75
566
117
113
93
117
97
123
122
162
108
122
100
321
442
80
118
120
105
70
79
105
1038
115
123
107
111
399
86
2444
76
70
67
75
79
74
77
79
71
74
73
70
75
80
70
73
73
69
76
81
73
68
75
74
70
81
75
67
75
77
71
83
73
68
75
72
73
76
78
75
67
69
66
76
72
74
82
71
67
73
65
67
66
67
79
86
67
76
72
69
80
83
68
74
80
68
69
82
62
73
71
76
77
93
76
68
74
73
73
100
77
68
77
73
68
90
74
73
68
86
76
323
97
104
73
78
73
70
76
91
70
72
74
71
76
80
76
65
73
75
68
89
76
66
72
71
66
89
72
68
71
79
74
81
72
72
67
75
74
92
77
74
70
93
93
67
75
75
75
80
103
77
67
74
75
69
92
76
68
77
725
69
1038
81
86
64
71
73
68
89
100
68
76
76
68
78
88
68
74
78
68
90
80
79
72
77
87
100
74
77
72
76
75
87
76
76
70
78
85
83
72
74
73
79
116
75
70
76
76
68
103
73
70
73
108
99
64
72
70
65
69
105
65
70
71
71
75
108
77
73
74
68
67
91
66
68
74
73
69
91
74
65
75
75
70
94
74
72
72
82
78
72
79
75
67
80
101
70
72
82
70
80
104
67
80
75
71
69
97
73
72
73
72
87
72
77
67
74
78
90
73
71
68
72
78
113
70
67
88
100
73
76
93
94
87
66
79
99
67
74
78
114
66
83
98
93
73
75
92
102
77
69
87
95
68
71
96
89
77
75
86
87
76
75
83
99
75
74
86
88
61
69
81
99
80
76
93
88
77
76
80
105
77
74
95
88
67
79
78
90
76
74
100
82
72
74
88
100
74
66
97
96
67
73
100
83
77
79
82
95
74
78
88
96
75
71
78
102
66
93
72
67
72
74
67
75
73
76
69
77
72
66
76
74
65
74
74
66
73
78
69
76
75
79
67
72
73
67
76
77
70
74
74
68
72
71
64
76
74
66
65
73
76
67
73
73
67
71
74
65
77
75
71
77
75
76
75
76
74
67
77
70
70
75
78
76
76
77
66
72
75
70
74
74
75
66
78
76
69
77
76
297
74
77
65
75
75
71
78
78
70
71
81
77
69
90
75
67
78
74
68
76
78
68
74
77
62
71
72
66
62
71
125
66
68
78
70
73
74
66
76
75
68
70
70
69
68
77
74
70
74
73
66
74
76
80
73
74
71
75
83
67
68
75
75
74
79
75
68
77
74
67
74
72
68
73
80
65
76
73
84
70
75
72
70
77
74
61
68
69
63
68
69
62
69
74
76
66
68
72
66
72
74
65
73
72
67
74
76
69
77
75
68
67
73
74
66
74
78
71
79
72
70
74
73
67
74
75
68
75
73
75
68
73
86
70
77
72
69
73
76
65
76
82
68
73
76
71
67
72
72
66
72
71
69
73
71
67
71
73
74
72
99
60
59
1250
353
69
78
73
67
76
75
67
74
71
68
73
73
70
74
79
77
68
72
78
68
76
73
69
79
77
69
72
85
71
77
69
75
61
89
78
68
74
74
67
74
74
67
67
64
310
74
77
69
70
75
74
67
91
335
611
74
74
66
77
72
69
74
90
66
82
74
75
65
79
74
64
76
74
61
382
73
66
75
74
66
78
90
73
64
80
88
69
78
88
67
79
75
64
78
75
62
79
73
67
76
74
73
426
78
71
64
77
76
66
80
71
65
80
73
66
78
74
75
66
77
74
69
91
74
378
76
369
60
4003
765
59
43
69
58
57
34
79
58
36
64
59
43
66
60
47
65
58
47
68
60
58
45
67
58
45
66
59
44
69
60
38
74
59
35
77
58
33
58
66
59
42
71
58
35
73
45
47
82
56
1974
15
60
50
75
62
75
41
70
60
38
73
59
32
60
60
45
69
59
41
70
60
58
34
65
58
42
68
55
47
67
59
44
69
58
44
66
74
45
57
68
62
40
70
59
47
63
59
43
71
59
42
71
60
38
74
59
59
39
75
58
37
76
44
45
66
60
37
76
59
32
69
56
59
41
72
58
36
113
40
21
74
61
37
77
41
47
68
59
41
55
74
60
36
60
58
51
77
43
534
68
168
58
194
152
57
147
75
167
158
64
181
164
76
183
149
70
149
55
73
1287
7
61
64
60
56
64
54
53
65
54
49
63
54
50
62
57
48
62
56
49
58
61
55
47
64
61
49
62
57
49
66
51
53
63
54
50
70
59
53
50
63
54
53
87
55
52
63
61
54
66
63
50
63
53
61
53
65
59
62
66
65
57
64
54
69
67
61
46
78
102
52
65
67
76
47
77
62
53
64
58
50
63
71
48
63
57
63
65
59
73
88
68
73
57
83
70
48
69
58
46
61
55
50
65
60
57
50
64
54
51
65
53
52
65
54
55
63
55
47
62
53
73
54
65
56
58
66
60
49
63
58
53
62
53
55
65
55
55
65
60
59
56
69
55
51
69
58
57
76
59
54
63
82
89
79
59
59
85
63
58
49
74
63
48
65
75
49
68
56
55
65
56
60
78
62
66
50
74
58
50
66
65
47
67
53
48
66
61
49
69
65
56
50
69
62
55
70
56
60
64
58
50
66
59
52
64
60
58
51
67
64
51
69
61
54
81
60
62
78
81
53
66
81
59
58
64
59
78
105
57
92
99
215
63
64
64
49
60
54
48
61
56
56
54
61
55
50
63
56
52
68
105
56
66
56
60
67
57
58
68
67
56
48
62
73
50
66
58
50
65
60
48
66
61
49
96
64
62
55
70
64
49
82
94
18
63
60
47
63
57
48
67
61
54
51
63
57
63
64
74
45
60
67
52
65
58
57
62
60
55
53
64
61
61
71
61
67
74
58
51
70
64
54
66
56
59
56
61
58
50
68
56
47
74
57
51
66
53
59
65
59
50
68
61
53
51
64
59
53
71
69
53
65
63
54
64
59
53
64
56
83
49
62
55
52
68
58
51
65
60
55
69
67
62
62
58
54
60
76
67
67
62
55
47
62
54
62
61
54
49
61
57
48
69
54
62
48
63
56
48
91
56
51
61
62
58
62
55
52
67
54
58
48
65
66
58
68
53
48
76
55
54
64
62
51
64
57
50
55
60
60
47
63
55
48
64
57
57
63
67
49
61
58
50
64
55
57
53
64
63
62
76
59
65
62
63
49
64
55
51
62
55
60
59
66
53
54
65
85
57
64
57
49
67
66
48
92
62
54
59
78
72
63
75
67
55
69
61
61
68
65
63
63
59
53
72
58
57
50
84
60
52
66
58
51
68
58
68
62
57
60
66
76
82
76
81
77
66
64
59
62
63
70
56
64
53
50
72
55
46
65
70
54
47
61
52
55
71
70
64
72
60
50
71
68
84
67
64
64
51
72
63
54
65
59
49
62
58
49
65
57
45
62
58
57
51
64
57
52
62
57
53
67
58
52
63
57
60
65
62
64
57
75
80
80
76
60
64
61
58
51
70
55
47
63
56
48
68
65
79
54
71
61
51
69
58
54
67
57
53
58
58
51
64
56
58
50
61
56
49
61
55
50
61
66
50
87
60
56
90
207
57
54
63
136
53
145
53
51
104
54
49
101
87
49
71
208
84
224
99
65
46
61
55
74
109
71
75
95
65
75
67
62
96
115
99
198
60
63
86
96
109
216
187
66
69
50
67
57
50
72
69
63
55
90
61
178
67
55
51
63
66
50
66
57
78
65
54
51
69
220
68
51
79
56
54
77
58
60
63
57
79
81
113
63
162
58
60
79
78
61
58
64
57
89
67
105
52
65
90
78
190
76
87
222
68
68
60
226
59
52
82
101
206
102
74
53
62
93
123
72
76
60
214
93
78
130
101
57
55
84
220
60
63
57
52
63
58
73
52
68
58
51
66
65
56
66
56
51
63
57
57
102
56
65
64
60
59
50
75
65
58
70
70
53
69
59
51
69
67
72
91
68
71
59
63
58
51
74
57
52
75
66
48
59
61
73
83
60
56
53
67
76
56
73
54
52
62
58
64
64
61
58
59
63
78
94
85
61
76
76
65
59
63
64
48
82
64
53
67
60
49
64
61
62
52
65
56
49
68
55
50
60
60
71
69
61
54
68
63
66
56
66
59
49
68
62
47
72
70
50
65
56
48
73
62
56
61
64
58
52
67
58
54
65
62
55
70
56
52
70
87
58
100
83
78
65
70
62
82
72
64
79
70
56
52
66
58
48
66
55
65
47
65
57
48
81
59
50
86
58
55
79
57
61
78
61
57
51
78
60
47
227
92
60
68
87
53
69
61
49
68
56
50
72
62
57
62
65
56
55
61
60
52
67
65
52
66
59
55
66
57
75
56
70
60
50
62
58
47
65
135
56
154
56
81
133
54
138
149
65
167
63
79
72
59
74
59
55
94
58
52
65
58
63
72
57
60
50
63
59
51
71
59
56
66
59
82
96
62
51
70
58
67
66
111
56
56
84
58
48
62
56
50
69
58
54
96
57
50
56
64
57
55
78
59
51
66
62
54
79
65
87
66
63
55
78
56
63
50
66
57
70
72
57
53
72
57
51
70
66
65
65
59
65
63
65
58
68
94
72
53
66
58
57
68
66
72
73
72
72
95
65
57
54
65
55
56
66
55
50
63
60
47
68
62
60
79
67
65
52
73
67
61
63
57
51
82
61
59
59
60
54
66
70
66
58
76
60
48
59
60
51
61
62
49
70
53
59
69
62
68
67
72
79
74
63
59
52
85
68
70
64
68
57
65
64
50
65
57
59
55
64
58
49
77
74
56
69
64
57
68
66
50
72
54
66
49
62
55
48
70
56
53
63
63
68
67
58
52
72
63
51
66
70
54
58
67
77
67
67
75
60
65
60
52
75
57
52
62
58
64
56
62
70
69
63
84
46
64
54
50
75
57
52
62
57
76
55
84
55
51
63
54
67
95
57
72
70
59
46
68
87
72
70
73
63
49
68
60
57
66
58
53
79
67
48
63
53
57
61
57
54
50
62
71
68
67
56
48
102
64
73
61
56
63
65
70
63
51
64
69
48
65
56
46
112
101
200
64
53
54
62
59
65
61
67
56
64
74
60
62
87
57
60
81
67
73
75
64
49
69
57
61
48
74
58
51
64
54
51
70
57
55
63
68
54
83
64
58
50
62
58
53
61
72
62
103
76
48
61
95
87
82
57
65
58
64
56
49
64
57
57
63
62
51
63
56
52
91
69
57
82
207
100
123
80
209
64
57
69
58
68
92
70
64
70
202
63
58
80
211
206
207
93
397
51
173
63
58
48
70
69
97
106
208
52
57
92
205
64
147
55
45
67
61
69
214
62
46
95
58
48
97
78
59
51
225
101
93
63
57
85
68
103
139
107
237
169
95
63
57
90
210
100
52
69
71
49
68
161
48
205
206
195
113
202
93
217
73
53
49
61
70
197
72
55
76
215
207
66
138
97
199
64
58
91
93
109
56
78
71
312
195
106
209
63
67
77
93
67
56
87
77
59
67
95
108
92
110
206
255
225
109
134
94
214
100
96
100
69
54
49
60
55
51
81
73
51
79
62
49
62
97
132
214
100
211
55
64
57
52
66
67
50
96
59
47
83
61
54
74
58
58
51
69
64
51
90
207
80
162
61
204
66
55
51
57
66
57
94
62
54
53
63
54
86
61
54
87
108
55
94
318
146
57
103
67
81
101
109
67
235
80
235
92
90
120
95
111
99
60
146
97
80
57
73
101
62
66
186
93
105
102
99
105
98
91
119
103
58
59
90
100
61
66
78
98
117
68
258
76
71
60
69
106
95
112
101
102
65
67
65
61
97
157
84
76
182
61
110
70
62
69
106
102
95
83
63
54
117
89
264
160
88
107
110
104
91
112
65
60
70
114
66
59
67
66
57
79
65
64
91
70
61
75
84
103
85
71
67
80
73
67
64
282
70
59
226
66
61
68
110
96
109
103
100
96
72
142
98
97
209
244
66
102
95
81
96
55
84
101
62
61
83
67
59
66
68
61
88
67
58
80
101
97
109
103
97
110
102
98
60
65
86
92
99
102
111
77
234
87
70
67
69
114
106
71
63
70
68
62
68
108
62
66
66
106
110
102
93
70
67
62
111
98
111
82
231
99
105
107
104
86
